image_width: 1920
image_height: 1080
camera_name: narrow_stereo
camera_matrix:
  rows: 3
  cols: 3
  data: [1446.252541, 0.000000, 895.295225, 0.000000, 1436.339283, 554.651418, 0.000000, 0.000000, 1.000000]
distortion_model: plumb_bob
distortion_coefficients:
  rows: 1
  cols: 5
  data: [0.088318, -0.125249, 0.002318, -0.004716, 0.000000]
rectification_matrix:
  rows: 3
  cols: 3
  data: [1.000000, 0.000000, 0.000000, 0.000000, 1.000000, 0.000000, 0.000000, 0.000000, 1.000000]
projection_matrix:
  rows: 3
  cols: 4
  data: [1464.496094, 0.000000, 884.442471, 0.000000, 0.000000, 1463.213867, 556.189804, 0.000000, 0.000000, 0.000000, 1.000000, 0.000000]
