# oST version 5.0 parameters


[image]

width
1920

height
1080

[narrow_stereo]

camera matrix
1446.252541 0.000000 895.295225
0.000000 1436.339283 554.651418
0.000000 0.000000 1.000000

distortion
0.088318 -0.125249 0.002318 -0.004716 0.000000

rectification
1.000000 0.000000 0.000000
0.000000 1.000000 0.000000
0.000000 0.000000 1.000000

projection
1464.496094 0.000000 884.442471 0.000000
0.000000 1463.213867 556.189804 0.000000
0.000000 0.000000 1.000000 0.000000

