# oST version 5.0 parameters


[image]

width
3264

height
2448

[narrow_stereo]

camera matrix
2604.492663 0.000000 1581.655936
0.000000 2612.337381 1153.852346
0.000000 0.000000 1.000000

distortion
0.109979 -0.197456 -0.003547 -0.003532 0.000000

rectification
1.000000 0.000000 0.000000
0.000000 1.000000 0.000000
0.000000 0.000000 1.000000

projection
2636.759766 0.000000 1568.435065 0.000000
0.000000 2654.374268 1146.511170 0.000000
0.000000 0.000000 1.000000 0.000000

