# oST version 5.0 parameters


[image]

width
3264

height
2448

[narrow_stereo]

camera matrix
2632.867598 0.000000 1535.420333
0.000000 2648.938624 1176.331841
0.000000 0.000000 1.000000

distortion
0.051328 -0.023670 -0.005904 -0.011816 0.000000

rectification
1.000000 0.000000 0.000000
0.000000 1.000000 0.000000
0.000000 0.000000 1.000000

projection
2691.823975 0.000000 1497.815417 0.000000
0.000000 2733.905762 1162.387191 0.000000
0.000000 0.000000 1.000000 0.000000

