# oST version 5.0 parameters


[image]

width
1920

height
1080

[narrow_stereo]

camera matrix
1566.241307 0.000000 943.004015
0.000000 1572.804223 513.441130
0.000000 0.000000 1.000000

distortion
0.094112 -0.173503 -0.007827 0.000391 0.000000

rectification
1.000000 0.000000 0.000000
0.000000 1.000000 0.000000
0.000000 0.000000 1.000000

projection
1585.294189 0.000000 942.703175 0.000000
0.000000 1591.922485 506.750454 0.000000
0.000000 0.000000 1.000000 0.000000

