# oST version 5.0 parameters


[image]

width
1920

height
1080

[narrow_stereo]

camera matrix
1775.096800 0.000000 915.310230
0.000000 1777.285741 532.186325
0.000000 0.000000 1.000000

distortion
0.136177 -0.314986 -0.005671 -0.007141 0.000000

rectification
1.000000 0.000000 0.000000
0.000000 1.000000 0.000000
0.000000 0.000000 1.000000

projection
1795.791504 0.000000 902.141609 0.000000
0.000000 1810.690430 527.616116 0.000000
0.000000 0.000000 1.000000 0.000000

