image_width: 1920
image_height: 1080
camera_name: narrow_stereo
camera_matrix:
  rows: 3
  cols: 3
  data: [1775.096800, 0.000000, 915.310230, 0.000000, 1777.285741, 532.186325, 0.000000, 0.000000, 1.000000]
distortion_model: plumb_bob
distortion_coefficients:
  rows: 1
  cols: 5
  data: [0.136177, -0.314986, -0.005671, -0.007141, 0.000000]
rectification_matrix:
  rows: 3
  cols: 3
  data: [1.000000, 0.000000, 0.000000, 0.000000, 1.000000, 0.000000, 0.000000, 0.000000, 1.000000]
projection_matrix:
  rows: 3
  cols: 4
  data: [1795.791504, 0.000000, 902.141609, 0.000000, 0.000000, 1810.690430, 527.616116, 0.000000, 0.000000, 0.000000, 1.000000, 0.000000]
