# oST version 5.0 parameters


[image]

width
4128

height
3096

[narrow_stereo]

camera matrix
3771.244095 0.000000 2005.635517
0.000000 3786.692144 1476.212880
0.000000 0.000000 1.000000

distortion
0.111072 -0.260725 -0.007923 -0.007577 0.000000

rectification
1.000000 0.000000 0.000000
0.000000 1.000000 0.000000
0.000000 0.000000 1.000000

projection
3809.214355 0.000000 1976.616227 0.000000
0.000000 3843.791260 1457.449647 0.000000
0.000000 0.000000 1.000000 0.000000

