# oST version 5.0 parameters


[image]

width
2448

height
3264

[narrow_stereo]

camera matrix
2743.407029 0.000000 1168.247879
0.000000 2746.099880 1627.677666
0.000000 0.000000 1.000000

distortion
0.119372 -0.166927 -0.001592 0.001775 0.000000

rectification
1.000000 0.000000 0.000000
0.000000 1.000000 0.000000
0.000000 0.000000 1.000000

projection
2804.802734 0.000000 1171.324508 0.000000
0.000000 2805.438721 1622.424004 0.000000
0.000000 0.000000 1.000000 0.000000

