# oST version 5.0 parameters


[image]

width
2448

height
3264

[narrow_stereo]

camera matrix
2588.506503 0.000000 1154.820074
0.000000 2583.866305 1540.884010
0.000000 0.000000 1.000000

distortion
0.113599 -0.110448 -0.003586 -0.005344 0.000000

rectification
1.000000 0.000000 0.000000
0.000000 1.000000 0.000000
0.000000 0.000000 1.000000

projection
2670.514160 0.000000 1140.897104 0.000000
0.000000 2667.141846 1527.782674 0.000000
0.000000 0.000000 1.000000 0.000000

