# oST version 5.0 parameters


[image]

width
2448

height
3264

[narrow_stereo]

camera matrix
2640.165734 0.000000 1189.342546
0.000000 2633.782176 1638.519856
0.000000 0.000000 1.000000

distortion
0.102037 -0.114263 -0.003491 0.001280 0.000000

rectification
1.000000 0.000000 0.000000
0.000000 1.000000 0.000000
0.000000 0.000000 1.000000

projection
2707.391113 0.000000 1191.715305 0.000000
0.000000 2695.032959 1626.968539 0.000000
0.000000 0.000000 1.000000 0.000000

