image_width: 2448
image_height: 3264
camera_name: narrow_stereo
camera_matrix:
  rows: 3
  cols: 3
  data: [2640.165734, 0.000000, 1189.342546, 0.000000, 2633.782176, 1638.519856, 0.000000, 0.000000, 1.000000]
distortion_model: plumb_bob
distortion_coefficients:
  rows: 1
  cols: 5
  data: [0.102037, -0.114263, -0.003491, 0.001280, 0.000000]
rectification_matrix:
  rows: 3
  cols: 3
  data: [1.000000, 0.000000, 0.000000, 0.000000, 1.000000, 0.000000, 0.000000, 0.000000, 1.000000]
projection_matrix:
  rows: 3
  cols: 4
  data: [2707.391113, 0.000000, 1191.715305, 0.000000, 0.000000, 2695.032959, 1626.968539, 0.000000, 0.000000, 0.000000, 1.000000, 0.000000]
