# oST version 5.0 parameters


[image]

width
3096

height
4128

[narrow_stereo]

camera matrix
3801.185899 0.000000 1564.293665
0.000000 3779.565812 2111.037726
0.000000 0.000000 1.000000

distortion
0.214022 -0.508984 0.005188 0.005275 0.000000

rectification
1.000000 0.000000 0.000000
0.000000 1.000000 0.000000
0.000000 0.000000 1.000000

projection
3894.223633 0.000000 1574.659317 0.000000
0.000000 3850.185791 2130.912590 0.000000
0.000000 0.000000 1.000000 0.000000

