# oST version 5.0 parameters


[image]

width
1920

height
1080

[narrow_stereo]

camera matrix
1455.364221 0.000000 968.174184
0.000000 1463.552343 535.436015
0.000000 0.000000 1.000000

distortion
0.170936 -0.280911 -0.001938 0.001083 0.000000

rectification
1.000000 0.000000 0.000000
0.000000 1.000000 0.000000
0.000000 0.000000 1.000000

projection
1487.164307 0.000000 970.185155 0.000000
0.000000 1500.540894 533.142551 0.000000
0.000000 0.000000 1.000000 0.000000

