image_width: 2988
image_height: 5312
camera_name: narrow_stereo
camera_matrix:
  rows: 3
  cols: 3
  data: [3855.324565, 0.000000, 1565.856871, 0.000000, 3846.594704, 2539.778125, 0.000000, 0.000000, 1.000000]
distortion_model: plumb_bob
distortion_coefficients:
  rows: 1
  cols: 5
  data: [0.154198, -0.228869, -0.001711, 0.001009, 0.000000]
rectification_matrix:
  rows: 3
  cols: 3
  data: [1.000000, 0.000000, 0.000000, 0.000000, 1.000000, 0.000000, 0.000000, 0.000000, 1.000000]
projection_matrix:
  rows: 3
  cols: 4
  data: [3958.888916, 0.000000, 1568.158667, 0.000000, 0.000000, 3929.046143, 2523.758224, 0.000000, 0.000000, 0.000000, 1.000000, 0.000000]
