# oST version 5.0 parameters


[image]

width
2988

height
5312

[narrow_stereo]

camera matrix
3855.324565 0.000000 1565.856871
0.000000 3846.594704 2539.778125
0.000000 0.000000 1.000000

distortion
0.154198 -0.228869 -0.001711 0.001009 0.000000

rectification
1.000000 0.000000 0.000000
0.000000 1.000000 0.000000
0.000000 0.000000 1.000000

projection
3958.888916 0.000000 1568.158667 0.000000
0.000000 3929.046143 2523.758224 0.000000
0.000000 0.000000 1.000000 0.000000

