image_width: 5312
image_height: 2988
camera_name: narrow_stereo
camera_matrix:
  rows: 3
  cols: 3
  data: [3895.053830, 0.000000, 2566.892457, 0.000000, 3950.177402, 1463.804177, 0.000000, 0.000000, 1.000000]
distortion_model: plumb_bob
distortion_coefficients:
  rows: 1
  cols: 5
  data: [0.132390, -0.168649, -0.002982, -0.000764, 0.000000]
rectification_matrix:
  rows: 3
  cols: 3
  data: [1.000000, 0.000000, 0.000000, 0.000000, 1.000000, 0.000000, 0.000000, 0.000000, 1.000000]
projection_matrix:
  rows: 3
  cols: 4
  data: [3994.667236, 0.000000, 2560.518731, 0.000000, 0.000000, 4052.993896, 1455.972747, 0.000000, 0.000000, 0.000000, 1.000000, 0.000000]
