# oST version 5.0 parameters


[image]

width
5312

height
2988

[narrow_stereo]

camera matrix
3895.053830 0.000000 2566.892457
0.000000 3950.177402 1463.804177
0.000000 0.000000 1.000000

distortion
0.132390 -0.168649 -0.002982 -0.000764 0.000000

rectification
1.000000 0.000000 0.000000
0.000000 1.000000 0.000000
0.000000 0.000000 1.000000

projection
3994.667236 0.000000 2560.518731 0.000000
0.000000 4052.993896 1455.972747 0.000000
0.000000 0.000000 1.000000 0.000000

